    x            y            w           Re(f)         Im(f)
-1.111111    -1.111111    -1.111111    -3.333333      0.000000      
-1.111111    -1.111111    -0.888889    -3.111111      0.000000      
-1.111111    -1.111111    -0.666667    -2.888889      0.000000      
-1.111111    -1.111111    -0.444444    -2.666667      0.000000      
-1.111111    -1.111111    -0.222222    -2.444445      0.000000      
-1.111111    -1.111111     0.000000    -2.222222      0.000000      
-1.111111    -1.111111     0.222222    -2.000000      0.000000      
-1.111111    -1.111111     0.444444    -1.777778      0.000000      
-1.111111    -1.111111     0.666667    -1.555556      0.000000      
-1.111111    -1.111111     0.888889    -1.333333      0.000000      
-1.111111    -1.111111     1.111111    -1.111111      0.000000      
-1.111111    -0.888889    -1.111111    -3.111111      0.000000      
-1.111111    -0.888889    -0.888889    -2.888889      0.000000      
-1.111111    -0.888889    -0.666667    -2.666667      0.000000      
-1.111111    -0.888889    -0.444444    -2.444444      0.000000      
-1.111111    -0.888889    -0.222222    -2.222222      0.000000      
-1.111111    -0.888889     0.000000    -2.000000      0.000000      
-1.111111    -0.888889     0.222222    -1.777778      0.000000      
-1.111111    -0.888889     0.444444    -1.555556      0.000000      
-1.111111    -0.888889     0.666667    -1.333333      0.000000      
-1.111111    -0.888889     0.888889    -1.111111      0.000000      
-1.111111    -0.888889     1.111111    -0.888889      0.000000      
-1.111111    -0.666667    -1.111111    -2.888889      0.000000      
-1.111111    -0.666667    -0.888889    -2.666667      0.000000      
-1.111111    -0.666667    -0.666667    -2.444445      0.000000      
-1.111111    -0.666667    -0.444444    -2.222222      0.000000      
-1.111111    -0.666667    -0.222222    -2.000000      0.000000      
-1.111111    -0.666667     0.000000    -1.777778      0.000000      
-1.111111    -0.666667     0.222222    -1.555556      0.000000      
-1.111111    -0.666667     0.444444    -1.333333      0.000000      
-1.111111    -0.666667     0.666667    -1.111111      0.000000      
-1.111111    -0.666667     0.888889    -0.888889      0.000000      
-1.111111    -0.666667     1.111111    -0.666667      0.000000      
-1.111111    -0.444444    -1.111111    -2.666667      0.000000      
-1.111111    -0.444444    -0.888889    -2.444444      0.000000      
-1.111111    -0.444444    -0.666667    -2.222222      0.000000      
-1.111111    -0.444444    -0.444444    -2.000000      0.000000      
-1.111111    -0.444444    -0.222222    -1.777778      0.000000      
-1.111111    -0.444444     0.000000    -1.555556      0.000000      
-1.111111    -0.444444     0.222222    -1.333333      0.000000      
-1.111111    -0.444444     0.444444    -1.111111      0.000000      
-1.111111    -0.444444     0.666667    -0.888889      0.000000      
-1.111111    -0.444444     0.888889    -0.666667      0.000000      
-1.111111    -0.444444     1.111111    -0.444444      0.000000      
-1.111111    -0.222222    -1.111111    -2.444445      0.000000      
-1.111111    -0.222222    -0.888889    -2.222222      0.000000      
-1.111111    -0.222222    -0.666667    -2.000000      0.000000      
-1.111111    -0.222222    -0.444444    -1.777778      0.000000      
-1.111111    -0.222222    -0.222222    -1.555556      0.000000      
-1.111111    -0.222222     0.000000    -1.333333      0.000000      
-1.111111    -0.222222     0.222222    -1.111111      0.000000      
-1.111111    -0.222222     0.444444    -0.888889      0.000000      
-1.111111    -0.222222     0.666667    -0.666667      0.000000      
-1.111111    -0.222222     0.888889    -0.444444      0.000000      
-1.111111    -0.222222     1.111111    -0.222222      0.000000      
-1.111111     0.000000    -1.111111    -2.222222      0.000000      
-1.111111     0.000000    -0.888889    -2.000000      0.000000      
-1.111111     0.000000    -0.666667    -1.777778      0.000000      
-1.111111     0.000000    -0.444444    -1.555556      0.000000      
-1.111111     0.000000    -0.222222    -1.333333      0.000000      
-1.111111     0.000000     0.000000    -1.111111      0.000000      
-1.111111     0.000000     0.222222    -0.888889      0.000000      
-1.111111     0.000000     0.444444    -0.666667      0.000000      
-1.111111     0.000000     0.666667    -0.444444      0.000000      
-1.111111     0.000000     0.888889    -0.222222      0.000000      
-1.111111     0.000000     1.111111     0.000000      0.000000      
-1.111111     0.222222    -1.111111    -2.000000      0.000000      
-1.111111     0.222222    -0.888889    -1.777778      0.000000      
-1.111111     0.222222    -0.666667    -1.555556      0.000000      
-1.111111     0.222222    -0.444444    -1.333333      0.000000      
-1.111111     0.222222    -0.222222    -1.111111      0.000000      
-1.111111     0.222222     0.000000    -0.888889      0.000000      
-1.111111     0.222222     0.222222    -0.666667      0.000000      
-1.111111     0.222222     0.444444    -0.444445      0.000000      
-1.111111     0.222222     0.666667    -0.222222      0.000000      
-1.111111     0.222222     0.888889    -0.000000      0.000000      
-1.111111     0.222222     1.111111     0.222222      0.000000      
-1.111111     0.444444    -1.111111    -1.777778      0.000000      
-1.111111     0.444444    -0.888889    -1.555556      0.000000      
-1.111111     0.444444    -0.666667    -1.333333      0.000000      
-1.111111     0.444444    -0.444444    -1.111111      0.000000      
-1.111111     0.444444    -0.222222    -0.888889      0.000000      
-1.111111     0.444444     0.000000    -0.666667      0.000000      
-1.111111     0.444444     0.222222    -0.444445      0.000000      
-1.111111     0.444444     0.444444    -0.222222      0.000000      
-1.111111     0.444444     0.666667    -0.000000      0.000000      
-1.111111     0.444444     0.888889     0.222222      0.000000      
-1.111111     0.444444     1.111111     0.444444      0.000000      
-1.111111     0.666667    -1.111111    -1.555556      0.000000      
-1.111111     0.666667    -0.888889    -1.333333      0.000000      
-1.111111     0.666667    -0.666667    -1.111111      0.000000      
-1.111111     0.666667    -0.444444    -0.888889      0.000000      
-1.111111     0.666667    -0.222222    -0.666667      0.000000      
-1.111111     0.666667     0.000000    -0.444444      0.000000      
-1.111111     0.666667     0.222222    -0.222222      0.000000      
-1.111111     0.666667     0.444444    -0.000000      0.000000      
-1.111111     0.666667     0.666667     0.222222      0.000000      
-1.111111     0.666667     0.888889     0.444444      0.000000      
-1.111111     0.666667     1.111111     0.666667      0.000000      
-1.111111     0.888889    -1.111111    -1.333333      0.000000      
-1.111111     0.888889    -0.888889    -1.111111      0.000000      
-1.111111     0.888889    -0.666667    -0.888889      0.000000      
-1.111111     0.888889    -0.444444    -0.666667      0.000000      
-1.111111     0.888889    -0.222222    -0.444444      0.000000      
-1.111111     0.888889     0.000000    -0.222222      0.000000      
-1.111111     0.888889     0.222222    -0.000000      0.000000      
-1.111111     0.888889     0.444444     0.222222      0.000000      
-1.111111     0.888889     0.666667     0.444444      0.000000      
-1.111111     0.888889     0.888889     0.666667      0.000000      
-1.111111     0.888889     1.111111     0.888889      0.000000      
-1.111111     1.111111    -1.111111    -1.111111      0.000000      
-1.111111     1.111111    -0.888889    -0.888889      0.000000      
-1.111111     1.111111    -0.666667    -0.666667      0.000000      
-1.111111     1.111111    -0.444444    -0.444444      0.000000      
-1.111111     1.111111    -0.222222    -0.222222      0.000000      
-1.111111     1.111111     0.000000     0.000000      0.000000      
-1.111111     1.111111     0.222222     0.222222      0.000000      
-1.111111     1.111111     0.444444     0.444444      0.000000      
-1.111111     1.111111     0.666667     0.666667      0.000000      
-1.111111     1.111111     0.888889     0.888889      0.000000      
-1.111111     1.111111     1.111111     1.111111      0.000000      
-0.888889    -1.111111    -1.111111    -3.111111      0.000000      
-0.888889    -1.111111    -0.888889    -2.888889      0.000000      
-0.888889    -1.111111    -0.666667    -2.666667      0.000000      
-0.888889    -1.111111    -0.444444    -2.444444      0.000000      
-0.888889    -1.111111    -0.222222    -2.222222      0.000000      
-0.888889    -1.111111     0.000000    -2.000000      0.000000      
-0.888889    -1.111111     0.222222    -1.777778      0.000000      
-0.888889    -1.111111     0.444444    -1.555556      0.000000      
-0.888889    -1.111111     0.666667    -1.333333      0.000000      
-0.888889    -1.111111     0.888889    -1.111111      0.000000      
-0.888889    -1.111111     1.111111    -0.888889      0.000000      
-0.888889    -0.888889    -1.111111    -2.888889      0.000000      
-0.888889    -0.888889    -0.888889    -2.666667      0.000000      
-0.888889    -0.888889    -0.666667    -2.444444      0.000000      
-0.888889    -0.888889    -0.444444    -2.222222      0.000000      
-0.888889    -0.888889    -0.222222    -2.000000      0.000000      
-0.888889    -0.888889     0.000000    -1.777778      0.000000      
-0.888889    -0.888889     0.222222    -1.555556      0.000000      
-0.888889    -0.888889     0.444444    -1.333333      0.000000      
-0.888889    -0.888889     0.666667    -1.111111      0.000000      
-0.888889    -0.888889     0.888889    -0.888889      0.000000      
-0.888889    -0.888889     1.111111    -0.666667      0.000000      
-0.888889    -0.666667    -1.111111    -2.666667      0.000000      
-0.888889    -0.666667    -0.888889    -2.444444      0.000000      
-0.888889    -0.666667    -0.666667    -2.222222      0.000000      
-0.888889    -0.666667    -0.444444    -2.000000      0.000000      
-0.888889    -0.666667    -0.222222    -1.777778      0.000000      
-0.888889    -0.666667     0.000000    -1.555556      0.000000      
-0.888889    -0.666667     0.222222    -1.333333      0.000000      
-0.888889    -0.666667     0.444444    -1.111111      0.000000      
-0.888889    -0.666667     0.666667    -0.888889      0.000000      
-0.888889    -0.666667     0.888889    -0.666667      0.000000      
-0.888889    -0.666667     1.111111    -0.444444      0.000000      
-0.888889    -0.444444    -1.111111    -2.444445      0.000000      
-0.888889    -0.444444    -0.888889    -2.222222      0.000000      
-0.888889    -0.444444    -0.666667    -2.000000      0.000000      
-0.888889    -0.444444    -0.444444    -1.777778      0.000000      
-0.888889    -0.444444    -0.222222    -1.555556      0.000000      
-0.888889    -0.444444     0.000000    -1.333333      0.000000      
-0.888889    -0.444444     0.222222    -1.111111      0.000000      
-0.888889    -0.444444     0.444444    -0.888889      0.000000      
-0.888889    -0.444444     0.666667    -0.666667      0.000000      
-0.888889    -0.444444     0.888889    -0.444444      0.000000      
-0.888889    -0.444444     1.111111    -0.222222      0.000000      
-0.888889    -0.222222    -1.111111    -2.222222      0.000000      
-0.888889    -0.222222    -0.888889    -2.000000      0.000000      
-0.888889    -0.222222    -0.666667    -1.777778      0.000000      
-0.888889    -0.222222    -0.444444    -1.555556      0.000000      
-0.888889    -0.222222    -0.222222    -1.333333      0.000000      
-0.888889    -0.222222     0.000000    -1.111111      0.000000      
-0.888889    -0.222222     0.222222    -0.888889      0.000000      
-0.888889    -0.222222     0.444444    -0.666667      0.000000      
-0.888889    -0.222222     0.666667    -0.444444      0.000000      
-0.888889    -0.222222     0.888889    -0.222222      0.000000      
-0.888889    -0.222222     1.111111     0.000000      0.000000      
-0.888889     0.000000    -1.111111    -2.000000      0.000000      
-0.888889     0.000000    -0.888889    -1.777778      0.000000      
-0.888889     0.000000    -0.666667    -1.555556      0.000000      
-0.888889     0.000000    -0.444444    -1.333333      0.000000      
-0.888889     0.000000    -0.222222    -1.111111      0.000000      
-0.888889     0.000000     0.000000    -0.888889      0.000000      
-0.888889     0.000000     0.222222    -0.666667      0.000000      
-0.888889     0.000000     0.444444    -0.444444      0.000000      
-0.888889     0.000000     0.666667    -0.222222      0.000000      
-0.888889     0.000000     0.888889     0.000000      0.000000      
-0.888889     0.000000     1.111111     0.222222      0.000000      
-0.888889     0.222222    -1.111111    -1.777778      0.000000      
-0.888889     0.222222    -0.888889    -1.555556      0.000000      
-0.888889     0.222222    -0.666667    -1.333333      0.000000      
-0.888889     0.222222    -0.444444    -1.111111      0.000000      
-0.888889     0.222222    -0.222222    -0.888889      0.000000      
-0.888889     0.222222     0.000000    -0.666667      0.000000      
-0.888889     0.222222     0.222222    -0.444444      0.000000      
-0.888889     0.222222     0.444444    -0.222222      0.000000      
-0.888889     0.222222     0.666667     0.000000      0.000000      
-0.888889     0.222222     0.888889     0.222222      0.000000      
-0.888889     0.222222     1.111111     0.444444      0.000000      
-0.888889     0.444444    -1.111111    -1.555556      0.000000      
-0.888889     0.444444    -0.888889    -1.333333      0.000000      
-0.888889     0.444444    -0.666667    -1.111111      0.000000      
-0.888889     0.444444    -0.444444    -0.888889      0.000000      
-0.888889     0.444444    -0.222222    -0.666667      0.000000      
-0.888889     0.444444     0.000000    -0.444444      0.000000      
-0.888889     0.444444     0.222222    -0.222222      0.000000      
-0.888889     0.444444     0.444444     0.000000      0.000000      
-0.888889     0.444444     0.666667     0.222222      0.000000      
-0.888889     0.444444     0.888889     0.444444      0.000000      
-0.888889     0.444444     1.111111     0.666667      0.000000      
-0.888889     0.666667    -1.111111    -1.333333      0.000000      
-0.888889     0.666667    -0.888889    -1.111111      0.000000      
-0.888889     0.666667    -0.666667    -0.888889      0.000000      
-0.888889     0.666667    -0.444444    -0.666667      0.000000      
-0.888889     0.666667    -0.222222    -0.444444      0.000000      
-0.888889     0.666667     0.000000    -0.222222      0.000000      
-0.888889     0.666667     0.222222     0.000000      0.000000      
-0.888889     0.666667     0.444444     0.222222      0.000000      
-0.888889     0.666667     0.666667     0.444444      0.000000      
-0.888889     0.666667     0.888889     0.666667      0.000000      
-0.888889     0.666667     1.111111     0.888889      0.000000      
-0.888889     0.888889    -1.111111    -1.111111      0.000000      
-0.888889     0.888889    -0.888889    -0.888889      0.000000      
-0.888889     0.888889    -0.666667    -0.666667      0.000000      
-0.888889     0.888889    -0.444444    -0.444444      0.000000      
-0.888889     0.888889    -0.222222    -0.222222      0.000000      
-0.888889     0.888889     0.000000     0.000000      0.000000      
-0.888889     0.888889     0.222222     0.222222      0.000000      
-0.888889     0.888889     0.444444     0.444444      0.000000      
-0.888889     0.888889     0.666667     0.666667      0.000000      
-0.888889     0.888889     0.888889     0.888889      0.000000      
-0.888889     0.888889     1.111111     1.111111      0.000000      
-0.888889     1.111111    -1.111111    -0.888889      0.000000      
-0.888889     1.111111    -0.888889    -0.666667      0.000000      
-0.888889     1.111111    -0.666667    -0.444444      0.000000      
-0.888889     1.111111    -0.444444    -0.222222      0.000000      
-0.888889     1.111111    -0.222222     0.000000      0.000000      
-0.888889     1.111111     0.000000     0.222222      0.000000      
-0.888889     1.111111     0.222222     0.444444      0.000000      
-0.888889     1.111111     0.444444     0.666667      0.000000      
-0.888889     1.111111     0.666667     0.888889      0.000000      
-0.888889     1.111111     0.888889     1.111111      0.000000      
-0.888889     1.111111     1.111111     1.333333      0.000000      
-0.666667    -1.111111    -1.111111    -2.888889      0.000000      
-0.666667    -1.111111    -0.888889    -2.666667      0.000000      
-0.666667    -1.111111    -0.666667    -2.444445      0.000000      
-0.666667    -1.111111    -0.444444    -2.222222      0.000000      
-0.666667    -1.111111    -0.222222    -2.000000      0.000000      
-0.666667    -1.111111     0.000000    -1.777778      0.000000      
-0.666667    -1.111111     0.222222    -1.555556      0.000000      
-0.666667    -1.111111     0.444444    -1.333333      0.000000      
-0.666667    -1.111111     0.666667    -1.111111      0.000000      
-0.666667    -1.111111     0.888889    -0.888889      0.000000      
-0.666667    -1.111111     1.111111    -0.666667      0.000000      
-0.666667    -0.888889    -1.111111    -2.666667      0.000000      
-0.666667    -0.888889    -0.888889    -2.444444      0.000000      
-0.666667    -0.888889    -0.666667    -2.222222      0.000000      
-0.666667    -0.888889    -0.444444    -2.000000      0.000000      
-0.666667    -0.888889    -0.222222    -1.777778      0.000000      
-0.666667    -0.888889     0.000000    -1.555556      0.000000      
-0.666667    -0.888889     0.222222    -1.333333      0.000000      
-0.666667    -0.888889     0.444444    -1.111111      0.000000      
-0.666667    -0.888889     0.666667    -0.888889      0.000000      
-0.666667    -0.888889     0.888889    -0.666667      0.000000      
-0.666667    -0.888889     1.111111    -0.444444      0.000000      
-0.666667    -0.666667    -1.111111    -2.444445      0.000000      
-0.666667    -0.666667    -0.888889    -2.222222      0.000000      
-0.666667    -0.666667    -0.666667    -2.000000      0.000000      
-0.666667    -0.666667    -0.444444    -1.777778      0.000000      
-0.666667    -0.666667    -0.222222    -1.555556      0.000000      
-0.666667    -0.666667     0.000000    -1.333333      0.000000      
-0.666667    -0.666667     0.222222    -1.111111      0.000000      
-0.666667    -0.666667     0.444444    -0.888889      0.000000      
-0.666667    -0.666667     0.666667    -0.666667      0.000000      
-0.666667    -0.666667     0.888889    -0.444444      0.000000      
-0.666667    -0.666667     1.111111    -0.222222      0.000000      
-0.666667    -0.444444    -1.111111    -2.222222      0.000000      
-0.666667    -0.444444    -0.888889    -2.000000      0.000000      
-0.666667    -0.444444    -0.666667    -1.777778      0.000000      
-0.666667    -0.444444    -0.444444    -1.555556      0.000000      
-0.666667    -0.444444    -0.222222    -1.333333      0.000000      
-0.666667    -0.444444     0.000000    -1.111111      0.000000      
-0.666667    -0.444444     0.222222    -0.888889      0.000000      
-0.666667    -0.444444     0.444444    -0.666667      0.000000      
-0.666667    -0.444444     0.666667    -0.444444      0.000000      
-0.666667    -0.444444     0.888889    -0.222222      0.000000      
-0.666667    -0.444444     1.111111     0.000000      0.000000      
-0.666667    -0.222222    -1.111111    -2.000000      0.000000      
-0.666667    -0.222222    -0.888889    -1.777778      0.000000      
-0.666667    -0.222222    -0.666667    -1.555556      0.000000      
-0.666667    -0.222222    -0.444444    -1.333333      0.000000      
-0.666667    -0.222222    -0.222222    -1.111111      0.000000      
-0.666667    -0.222222     0.000000    -0.888889      0.000000      
-0.666667    -0.222222     0.222222    -0.666667      0.000000      
-0.666667    -0.222222     0.444444    -0.444444      0.000000      
-0.666667    -0.222222     0.666667    -0.222222      0.000000      
-0.666667    -0.222222     0.888889     0.000000      0.000000      
-0.666667    -0.222222     1.111111     0.222222      0.000000      
-0.666667     0.000000    -1.111111    -1.777778      0.000000      
-0.666667     0.000000    -0.888889    -1.555556      0.000000      
-0.666667     0.000000    -0.666667    -1.333333      0.000000      
-0.666667     0.000000    -0.444444    -1.111111      0.000000      
-0.666667     0.000000    -0.222222    -0.888889      0.000000      
-0.666667     0.000000     0.000000    -0.666667      0.000000      
-0.666667     0.000000     0.222222    -0.444444      0.000000      
-0.666667     0.000000     0.444444    -0.222222      0.000000      
-0.666667     0.000000     0.666667     0.000000      0.000000      
-0.666667     0.000000     0.888889     0.222222      0.000000      
-0.666667     0.000000     1.111111     0.444444      0.000000      
-0.666667     0.222222    -1.111111    -1.555556      0.000000      
-0.666667     0.222222    -0.888889    -1.333333      0.000000      
-0.666667     0.222222    -0.666667    -1.111111      0.000000      
-0.666667     0.222222    -0.444444    -0.888889      0.000000      
-0.666667     0.222222    -0.222222    -0.666667      0.000000      
-0.666667     0.222222     0.000000    -0.444444      0.000000      
-0.666667     0.222222     0.222222    -0.222222      0.000000      
-0.666667     0.222222     0.444444    -0.000000      0.000000      
-0.666667     0.222222     0.666667     0.222222      0.000000      
-0.666667     0.222222     0.888889     0.444444      0.000000      
-0.666667     0.222222     1.111111     0.666667      0.000000      
-0.666667     0.444444    -1.111111    -1.333333      0.000000      
-0.666667     0.444444    -0.888889    -1.111111      0.000000      
-0.666667     0.444444    -0.666667    -0.888889      0.000000      
-0.666667     0.444444    -0.444444    -0.666667      0.000000      
-0.666667     0.444444    -0.222222    -0.444444      0.000000      
-0.666667     0.444444     0.000000    -0.222222      0.000000      
-0.666667     0.444444     0.222222    -0.000000      0.000000      
-0.666667     0.444444     0.444444     0.222222      0.000000      
-0.666667     0.444444     0.666667     0.444444      0.000000      
-0.666667     0.444444     0.888889     0.666667      0.000000      
-0.666667     0.444444     1.111111     0.888889      0.000000      
-0.666667     0.666667    -1.111111    -1.111111      0.000000      
-0.666667     0.666667    -0.888889    -0.888889      0.000000      
-0.666667     0.666667    -0.666667    -0.666667      0.000000      
-0.666667     0.666667    -0.444444    -0.444444      0.000000      
-0.666667     0.666667    -0.222222    -0.222222      0.000000      
-0.666667     0.666667     0.000000     0.000000      0.000000      
-0.666667     0.666667     0.222222     0.222222      0.000000      
-0.666667     0.666667     0.444444     0.444444      0.000000      
-0.666667     0.666667     0.666667     0.666667      0.000000      
-0.666667     0.666667     0.888889     0.888889      0.000000      
-0.666667     0.666667     1.111111     1.111111      0.000000      
-0.666667     0.888889    -1.111111    -0.888889      0.000000      
-0.666667     0.888889    -0.888889    -0.666667      0.000000      
-0.666667     0.888889    -0.666667    -0.444444      0.000000      
-0.666667     0.888889    -0.444444    -0.222222      0.000000      
-0.666667     0.888889    -0.222222    -0.000000      0.000000      
-0.666667     0.888889     0.000000     0.222222      0.000000      
-0.666667     0.888889     0.222222     0.444444      0.000000      
-0.666667     0.888889     0.444444     0.666667      0.000000      
-0.666667     0.888889     0.666667     0.888889      0.000000      
-0.666667     0.888889     0.888889     1.111111      0.000000      
-0.666667     0.888889     1.111111     1.333333      0.000000      
-0.666667     1.111111    -1.111111    -0.666667      0.000000      
-0.666667     1.111111    -0.888889    -0.444444      0.000000      
-0.666667     1.111111    -0.666667    -0.222222      0.000000      
-0.666667     1.111111    -0.444444     0.000000      0.000000      
-0.666667     1.111111    -0.222222     0.222222      0.000000      
-0.666667     1.111111     0.000000     0.444444      0.000000      
-0.666667     1.111111     0.222222     0.666667      0.000000      
-0.666667     1.111111     0.444444     0.888889      0.000000      
-0.666667     1.111111     0.666667     1.111111      0.000000      
-0.666667     1.111111     0.888889     1.333333      0.000000      
-0.666667     1.111111     1.111111     1.555556      0.000000      
-0.444444    -1.111111    -1.111111    -2.666667      0.000000      
-0.444444    -1.111111    -0.888889    -2.444444      0.000000      
-0.444444    -1.111111    -0.666667    -2.222222      0.000000      
-0.444444    -1.111111    -0.444444    -2.000000      0.000000      
-0.444444    -1.111111    -0.222222    -1.777778      0.000000      
-0.444444    -1.111111     0.000000    -1.555556      0.000000      
-0.444444    -1.111111     0.222222    -1.333333      0.000000      
-0.444444    -1.111111     0.444444    -1.111111      0.000000      
-0.444444    -1.111111     0.666667    -0.888889      0.000000      
-0.444444    -1.111111     0.888889    -0.666667      0.000000      
-0.444444    -1.111111     1.111111    -0.444444      0.000000      
-0.444444    -0.888889    -1.111111    -2.444445      0.000000      
-0.444444    -0.888889    -0.888889    -2.222222      0.000000      
-0.444444    -0.888889    -0.666667    -2.000000      0.000000      
-0.444444    -0.888889    -0.444444    -1.777778      0.000000      
-0.444444    -0.888889    -0.222222    -1.555556      0.000000      
-0.444444    -0.888889     0.000000    -1.333333      0.000000      
-0.444444    -0.888889     0.222222    -1.111111      0.000000      
-0.444444    -0.888889     0.444444    -0.888889      0.000000      
-0.444444    -0.888889     0.666667    -0.666667      0.000000      
-0.444444    -0.888889     0.888889    -0.444444      0.000000      
-0.444444    -0.888889     1.111111    -0.222222      0.000000      
-0.444444    -0.666667    -1.111111    -2.222222      0.000000      
-0.444444    -0.666667    -0.888889    -2.000000      0.000000      
-0.444444    -0.666667    -0.666667    -1.777778      0.000000      
-0.444444    -0.666667    -0.444444    -1.555556      0.000000      
-0.444444    -0.666667    -0.222222    -1.333333      0.000000      
-0.444444    -0.666667     0.000000    -1.111111      0.000000      
-0.444444    -0.666667     0.222222    -0.888889      0.000000      
-0.444444    -0.666667     0.444444    -0.666667      0.000000      
-0.444444    -0.666667     0.666667    -0.444444      0.000000      
-0.444444    -0.666667     0.888889    -0.222222      0.000000      
-0.444444    -0.666667     1.111111     0.000000      0.000000      
-0.444444    -0.444444    -1.111111    -2.000000      0.000000      
-0.444444    -0.444444    -0.888889    -1.777778      0.000000      
-0.444444    -0.444444    -0.666667    -1.555556      0.000000      
-0.444444    -0.444444    -0.444444    -1.333333      0.000000      
-0.444444    -0.444444    -0.222222    -1.111111      0.000000      
-0.444444    -0.444444     0.000000    -0.888889      0.000000      
-0.444444    -0.444444     0.222222    -0.666667      0.000000      
-0.444444    -0.444444     0.444444    -0.444444      0.000000      
-0.444444    -0.444444     0.666667    -0.222222      0.000000      
-0.444444    -0.444444     0.888889     0.000000      0.000000      
-0.444444    -0.444444     1.111111     0.222222      0.000000      
-0.444444    -0.222222    -1.111111    -1.777778      0.000000      
-0.444444    -0.222222    -0.888889    -1.555556      0.000000      
-0.444444    -0.222222    -0.666667    -1.333333      0.000000      
-0.444444    -0.222222    -0.444444    -1.111111      0.000000      
-0.444444    -0.222222    -0.222222    -0.888889      0.000000      
-0.444444    -0.222222     0.000000    -0.666667      0.000000      
-0.444444    -0.222222     0.222222    -0.444444      0.000000      
-0.444444    -0.222222     0.444444    -0.222222      0.000000      
-0.444444    -0.222222     0.666667     0.000000      0.000000      
-0.444444    -0.222222     0.888889     0.222222      0.000000      
-0.444444    -0.222222     1.111111     0.444444      0.000000      
-0.444444     0.000000    -1.111111    -1.555556      0.000000      
-0.444444     0.000000    -0.888889    -1.333333      0.000000      
-0.444444     0.000000    -0.666667    -1.111111      0.000000      
-0.444444     0.000000    -0.444444    -0.888889      0.000000      
-0.444444     0.000000    -0.222222    -0.666667      0.000000      
-0.444444     0.000000     0.000000    -0.444444      0.000000      
-0.444444     0.000000     0.222222    -0.222222      0.000000      
-0.444444     0.000000     0.444444     0.000000      0.000000      
-0.444444     0.000000     0.666667     0.222222      0.000000      
-0.444444     0.000000     0.888889     0.444444      0.000000      
-0.444444     0.000000     1.111111     0.666667      0.000000      
-0.444444     0.222222    -1.111111    -1.333333      0.000000      
-0.444444     0.222222    -0.888889    -1.111111      0.000000      
-0.444444     0.222222    -0.666667    -0.888889      0.000000      
-0.444444     0.222222    -0.444444    -0.666667      0.000000      
-0.444444     0.222222    -0.222222    -0.444444      0.000000      
-0.444444     0.222222     0.000000    -0.222222      0.000000      
-0.444444     0.222222     0.222222     0.000000      0.000000      
-0.444444     0.222222     0.444444     0.222222      0.000000      
-0.444444     0.222222     0.666667     0.444444      0.000000      
-0.444444     0.222222     0.888889     0.666667      0.000000      
-0.444444     0.222222     1.111111     0.888889      0.000000      
-0.444444     0.444444    -1.111111    -1.111111      0.000000      
-0.444444     0.444444    -0.888889    -0.888889      0.000000      
-0.444444     0.444444    -0.666667    -0.666667      0.000000      
-0.444444     0.444444    -0.444444    -0.444444      0.000000      
-0.444444     0.444444    -0.222222    -0.222222      0.000000      
-0.444444     0.444444     0.000000     0.000000      0.000000      
-0.444444     0.444444     0.222222     0.222222      0.000000      
-0.444444     0.444444     0.444444     0.444444      0.000000      
-0.444444     0.444444     0.666667     0.666667      0.000000      
-0.444444     0.444444     0.888889     0.888889      0.000000      
-0.444444     0.444444     1.111111     1.111111      0.000000      
-0.444444     0.666667    -1.111111    -0.888889      0.000000      
-0.444444     0.666667    -0.888889    -0.666667      0.000000      
-0.444444     0.666667    -0.666667    -0.444444      0.000000      
-0.444444     0.666667    -0.444444    -0.222222      0.000000      
-0.444444     0.666667    -0.222222     0.000000      0.000000      
-0.444444     0.666667     0.000000     0.222222      0.000000      
-0.444444     0.666667     0.222222     0.444444      0.000000      
-0.444444     0.666667     0.444444     0.666667      0.000000      
-0.444444     0.666667     0.666667     0.888889      0.000000      
-0.444444     0.666667     0.888889     1.111111      0.000000      
-0.444444     0.666667     1.111111     1.333333      0.000000      
-0.444444     0.888889    -1.111111    -0.666667      0.000000      
-0.444444     0.888889    -0.888889    -0.444444      0.000000      
-0.444444     0.888889    -0.666667    -0.222222      0.000000      
-0.444444     0.888889    -0.444444     0.000000      0.000000      
-0.444444     0.888889    -0.222222     0.222222      0.000000      
-0.444444     0.888889     0.000000     0.444444      0.000000      
-0.444444     0.888889     0.222222     0.666667      0.000000      
-0.444444     0.888889     0.444444     0.888889      0.000000      
-0.444444     0.888889     0.666667     1.111111      0.000000      
-0.444444     0.888889     0.888889     1.333333      0.000000      
-0.444444     0.888889     1.111111     1.555556      0.000000      
-0.444444     1.111111    -1.111111    -0.444444      0.000000      
-0.444444     1.111111    -0.888889    -0.222222      0.000000      
-0.444444     1.111111    -0.666667     0.000000      0.000000      
-0.444444     1.111111    -0.444444     0.222222      0.000000      
-0.444444     1.111111    -0.222222     0.444445      0.000000      
-0.444444     1.111111     0.000000     0.666667      0.000000      
-0.444444     1.111111     0.222222     0.888889      0.000000      
-0.444444     1.111111     0.444444     1.111111      0.000000      
-0.444444     1.111111     0.666667     1.333333      0.000000      
-0.444444     1.111111     0.888889     1.555556      0.000000      
-0.444444     1.111111     1.111111     1.777778      0.000000      
-0.222222    -1.111111    -1.111111    -2.444445      0.000000      
-0.222222    -1.111111    -0.888889    -2.222222      0.000000      
-0.222222    -1.111111    -0.666667    -2.000000      0.000000      
-0.222222    -1.111111    -0.444444    -1.777778      0.000000      
-0.222222    -1.111111    -0.222222    -1.555556      0.000000      
-0.222222    -1.111111     0.000000    -1.333333      0.000000      
-0.222222    -1.111111     0.222222    -1.111111      0.000000      
-0.222222    -1.111111     0.444444    -0.888889      0.000000      
-0.222222    -1.111111     0.666667    -0.666667      0.000000      
-0.222222    -1.111111     0.888889    -0.444444      0.000000      
-0.222222    -1.111111     1.111111    -0.222222      0.000000      
-0.222222    -0.888889    -1.111111    -2.222222      0.000000      
-0.222222    -0.888889    -0.888889    -2.000000      0.000000      
-0.222222    -0.888889    -0.666667    -1.777778      0.000000      
-0.222222    -0.888889    -0.444444    -1.555556      0.000000      
-0.222222    -0.888889    -0.222222    -1.333333      0.000000      
-0.222222    -0.888889     0.000000    -1.111111      0.000000      
-0.222222    -0.888889     0.222222    -0.888889      0.000000      
-0.222222    -0.888889     0.444444    -0.666667      0.000000      
-0.222222    -0.888889     0.666667    -0.444444      0.000000      
-0.222222    -0.888889     0.888889    -0.222222      0.000000      
-0.222222    -0.888889     1.111111     0.000000      0.000000      
-0.222222    -0.666667    -1.111111    -2.000000      0.000000      
-0.222222    -0.666667    -0.888889    -1.777778      0.000000      
-0.222222    -0.666667    -0.666667    -1.555556      0.000000      
-0.222222    -0.666667    -0.444444    -1.333333      0.000000      
-0.222222    -0.666667    -0.222222    -1.111111      0.000000      
-0.222222    -0.666667     0.000000    -0.888889      0.000000      
-0.222222    -0.666667     0.222222    -0.666667      0.000000      
-0.222222    -0.666667     0.444444    -0.444444      0.000000      
-0.222222    -0.666667     0.666667    -0.222222      0.000000      
-0.222222    -0.666667     0.888889     0.000000      0.000000      
-0.222222    -0.666667     1.111111     0.222222      0.000000      
-0.222222    -0.444444    -1.111111    -1.777778      0.000000      
-0.222222    -0.444444    -0.888889    -1.555556      0.000000      
-0.222222    -0.444444    -0.666667    -1.333333      0.000000      
-0.222222    -0.444444    -0.444444    -1.111111      0.000000      
-0.222222    -0.444444    -0.222222    -0.888889      0.000000      
-0.222222    -0.444444     0.000000    -0.666667      0.000000      
-0.222222    -0.444444     0.222222    -0.444444      0.000000      
-0.222222    -0.444444     0.444444    -0.222222      0.000000      
-0.222222    -0.444444     0.666667     0.000000      0.000000      
-0.222222    -0.444444     0.888889     0.222222      0.000000      
-0.222222    -0.444444     1.111111     0.444444      0.000000      
-0.222222    -0.222222    -1.111111    -1.555556      0.000000      
-0.222222    -0.222222    -0.888889    -1.333333      0.000000      
-0.222222    -0.222222    -0.666667    -1.111111      0.000000      
-0.222222    -0.222222    -0.444444    -0.888889      0.000000      
-0.222222    -0.222222    -0.222222    -0.666667      0.000000      
-0.222222    -0.222222     0.000000    -0.444444      0.000000      
-0.222222    -0.222222     0.222222    -0.222222      0.000000      
-0.222222    -0.222222     0.444444     0.000000      0.000000      
-0.222222    -0.222222     0.666667     0.222222      0.000000      
-0.222222    -0.222222     0.888889     0.444444      0.000000      
-0.222222    -0.222222     1.111111     0.666667      0.000000      
-0.222222     0.000000    -1.111111    -1.333333      0.000000      
-0.222222     0.000000    -0.888889    -1.111111      0.000000      
-0.222222     0.000000    -0.666667    -0.888889      0.000000      
-0.222222     0.000000    -0.444444    -0.666667      0.000000      
-0.222222     0.000000    -0.222222    -0.444444      0.000000      
-0.222222     0.000000     0.000000    -0.222222      0.000000      
-0.222222     0.000000     0.222222     0.000000      0.000000      
-0.222222     0.000000     0.444444     0.222222      0.000000      
-0.222222     0.000000     0.666667     0.444444      0.000000      
-0.222222     0.000000     0.888889     0.666667      0.000000      
-0.222222     0.000000     1.111111     0.888889      0.000000      
-0.222222     0.222222    -1.111111    -1.111111      0.000000      
-0.222222     0.222222    -0.888889    -0.888889      0.000000      
-0.222222     0.222222    -0.666667    -0.666667      0.000000      
-0.222222     0.222222    -0.444444    -0.444444      0.000000      
-0.222222     0.222222    -0.222222    -0.222222      0.000000      
-0.222222     0.222222     0.000000     0.000000      0.000000      
-0.222222     0.222222     0.222222     0.222222      0.000000      
-0.222222     0.222222     0.444444     0.444444      0.000000      
-0.222222     0.222222     0.666667     0.666667      0.000000      
-0.222222     0.222222     0.888889     0.888889      0.000000      
-0.222222     0.222222     1.111111     1.111111      0.000000      
-0.222222     0.444444    -1.111111    -0.888889      0.000000      
-0.222222     0.444444    -0.888889    -0.666667      0.000000      
-0.222222     0.444444    -0.666667    -0.444444      0.000000      
-0.222222     0.444444    -0.444444    -0.222222      0.000000      
-0.222222     0.444444    -0.222222     0.000000      0.000000      
-0.222222     0.444444     0.000000     0.222222      0.000000      
-0.222222     0.444444     0.222222     0.444444      0.000000      
-0.222222     0.444444     0.444444     0.666667      0.000000      
-0.222222     0.444444     0.666667     0.888889      0.000000      
-0.222222     0.444444     0.888889     1.111111      0.000000      
-0.222222     0.444444     1.111111     1.333333      0.000000      
-0.222222     0.666667    -1.111111    -0.666667      0.000000      
-0.222222     0.666667    -0.888889    -0.444444      0.000000      
-0.222222     0.666667    -0.666667    -0.222222      0.000000      
-0.222222     0.666667    -0.444444     0.000000      0.000000      
-0.222222     0.666667    -0.222222     0.222222      0.000000      
-0.222222     0.666667     0.000000     0.444444      0.000000      
-0.222222     0.666667     0.222222     0.666667      0.000000      
-0.222222     0.666667     0.444444     0.888889      0.000000      
-0.222222     0.666667     0.666667     1.111111      0.000000      
-0.222222     0.666667     0.888889     1.333333      0.000000      
-0.222222     0.666667     1.111111     1.555556      0.000000      
-0.222222     0.888889    -1.111111    -0.444444      0.000000      
-0.222222     0.888889    -0.888889    -0.222222      0.000000      
-0.222222     0.888889    -0.666667     0.000000      0.000000      
-0.222222     0.888889    -0.444444     0.222222      0.000000      
-0.222222     0.888889    -0.222222     0.444444      0.000000      
-0.222222     0.888889     0.000000     0.666667      0.000000      
-0.222222     0.888889     0.222222     0.888889      0.000000      
-0.222222     0.888889     0.444444     1.111111      0.000000      
-0.222222     0.888889     0.666667     1.333333      0.000000      
-0.222222     0.888889     0.888889     1.555556      0.000000      
-0.222222     0.888889     1.111111     1.777778      0.000000      
-0.222222     1.111111    -1.111111    -0.222222      0.000000      
-0.222222     1.111111    -0.888889     0.000000      0.000000      
-0.222222     1.111111    -0.666667     0.222222      0.000000      
-0.222222     1.111111    -0.444444     0.444445      0.000000      
-0.222222     1.111111    -0.222222     0.666667      0.000000      
-0.222222     1.111111     0.000000     0.888889      0.000000      
-0.222222     1.111111     0.222222     1.111111      0.000000      
-0.222222     1.111111     0.444444     1.333333      0.000000      
-0.222222     1.111111     0.666667     1.555556      0.000000      
-0.222222     1.111111     0.888889     1.777778      0.000000      
-0.222222     1.111111     1.111111     2.000000      0.000000      
 0.000000    -1.111111    -1.111111    -2.222222      0.000000      
 0.000000    -1.111111    -0.888889    -2.000000      0.000000      
 0.000000    -1.111111    -0.666667    -1.777778      0.000000      
 0.000000    -1.111111    -0.444444    -1.555556      0.000000      
 0.000000    -1.111111    -0.222222    -1.333333      0.000000      
 0.000000    -1.111111     0.000000    -1.111111      0.000000      
 0.000000    -1.111111     0.222222    -0.888889      0.000000      
 0.000000    -1.111111     0.444444    -0.666667      0.000000      
 0.000000    -1.111111     0.666667    -0.444444      0.000000      
 0.000000    -1.111111     0.888889    -0.222222      0.000000      
 0.000000    -1.111111     1.111111     0.000000      0.000000      
 0.000000    -0.888889    -1.111111    -2.000000      0.000000      
 0.000000    -0.888889    -0.888889    -1.777778      0.000000      
 0.000000    -0.888889    -0.666667    -1.555556      0.000000      
 0.000000    -0.888889    -0.444444    -1.333333      0.000000      
 0.000000    -0.888889    -0.222222    -1.111111      0.000000      
 0.000000    -0.888889     0.000000    -0.888889      0.000000      
 0.000000    -0.888889     0.222222    -0.666667      0.000000      
 0.000000    -0.888889     0.444444    -0.444444      0.000000      
 0.000000    -0.888889     0.666667    -0.222222      0.000000      
 0.000000    -0.888889     0.888889     0.000000      0.000000      
 0.000000    -0.888889     1.111111     0.222222      0.000000      
 0.000000    -0.666667    -1.111111    -1.777778      0.000000      
 0.000000    -0.666667    -0.888889    -1.555556      0.000000      
 0.000000    -0.666667    -0.666667    -1.333333      0.000000      
 0.000000    -0.666667    -0.444444    -1.111111      0.000000      
 0.000000    -0.666667    -0.222222    -0.888889      0.000000      
 0.000000    -0.666667     0.000000    -0.666667      0.000000      
 0.000000    -0.666667     0.222222    -0.444444      0.000000      
 0.000000    -0.666667     0.444444    -0.222222      0.000000      
 0.000000    -0.666667     0.666667     0.000000      0.000000      
 0.000000    -0.666667     0.888889     0.222222      0.000000      
 0.000000    -0.666667     1.111111     0.444444      0.000000      
 0.000000    -0.444444    -1.111111    -1.555556      0.000000      
 0.000000    -0.444444    -0.888889    -1.333333      0.000000      
 0.000000    -0.444444    -0.666667    -1.111111      0.000000      
 0.000000    -0.444444    -0.444444    -0.888889      0.000000      
 0.000000    -0.444444    -0.222222    -0.666667      0.000000      
 0.000000    -0.444444     0.000000    -0.444444      0.000000      
 0.000000    -0.444444     0.222222    -0.222222      0.000000      
 0.000000    -0.444444     0.444444     0.000000      0.000000      
 0.000000    -0.444444     0.666667     0.222222      0.000000      
 0.000000    -0.444444     0.888889     0.444444      0.000000      
 0.000000    -0.444444     1.111111     0.666667      0.000000      
 0.000000    -0.222222    -1.111111    -1.333333      0.000000      
 0.000000    -0.222222    -0.888889    -1.111111      0.000000      
 0.000000    -0.222222    -0.666667    -0.888889      0.000000      
 0.000000    -0.222222    -0.444444    -0.666667      0.000000      
 0.000000    -0.222222    -0.222222    -0.444444      0.000000      
 0.000000    -0.222222     0.000000    -0.222222      0.000000      
 0.000000    -0.222222     0.222222     0.000000      0.000000      
 0.000000    -0.222222     0.444444     0.222222      0.000000      
 0.000000    -0.222222     0.666667     0.444444      0.000000      
 0.000000    -0.222222     0.888889     0.666667      0.000000      
 0.000000    -0.222222     1.111111     0.888889      0.000000      
 0.000000     0.000000    -1.111111    -1.111111      0.000000      
 0.000000     0.000000    -0.888889    -0.888889      0.000000      
 0.000000     0.000000    -0.666667    -0.666667      0.000000      
 0.000000     0.000000    -0.444444    -0.444444      0.000000      
 0.000000     0.000000    -0.222222    -0.222222      0.000000      
 0.000000     0.000000     0.000000     0.000000      0.000000      
 0.000000     0.000000     0.222222     0.222222      0.000000      
 0.000000     0.000000     0.444444     0.444444      0.000000      
 0.000000     0.000000     0.666667     0.666667      0.000000      
 0.000000     0.000000     0.888889     0.888889      0.000000      
 0.000000     0.000000     1.111111     1.111111      0.000000      
 0.000000     0.222222    -1.111111    -0.888889      0.000000      
 0.000000     0.222222    -0.888889    -0.666667      0.000000      
 0.000000     0.222222    -0.666667    -0.444444      0.000000      
 0.000000     0.222222    -0.444444    -0.222222      0.000000      
 0.000000     0.222222    -0.222222     0.000000      0.000000      
 0.000000     0.222222     0.000000     0.222222      0.000000      
 0.000000     0.222222     0.222222     0.444444      0.000000      
 0.000000     0.222222     0.444444     0.666667      0.000000      
 0.000000     0.222222     0.666667     0.888889      0.000000      
 0.000000     0.222222     0.888889     1.111111      0.000000      
 0.000000     0.222222     1.111111     1.333333      0.000000      
 0.000000     0.444444    -1.111111    -0.666667      0.000000      
 0.000000     0.444444    -0.888889    -0.444444      0.000000      
 0.000000     0.444444    -0.666667    -0.222222      0.000000      
 0.000000     0.444444    -0.444444     0.000000      0.000000      
 0.000000     0.444444    -0.222222     0.222222      0.000000      
 0.000000     0.444444     0.000000     0.444444      0.000000      
 0.000000     0.444444     0.222222     0.666667      0.000000      
 0.000000     0.444444     0.444444     0.888889      0.000000      
 0.000000     0.444444     0.666667     1.111111      0.000000      
 0.000000     0.444444     0.888889     1.333333      0.000000      
 0.000000     0.444444     1.111111     1.555556      0.000000      
 0.000000     0.666667    -1.111111    -0.444444      0.000000      
 0.000000     0.666667    -0.888889    -0.222222      0.000000      
 0.000000     0.666667    -0.666667     0.000000      0.000000      
 0.000000     0.666667    -0.444444     0.222222      0.000000      
 0.000000     0.666667    -0.222222     0.444444      0.000000      
 0.000000     0.666667     0.000000     0.666667      0.000000      
 0.000000     0.666667     0.222222     0.888889      0.000000      
 0.000000     0.666667     0.444444     1.111111      0.000000      
 0.000000     0.666667     0.666667     1.333333      0.000000      
 0.000000     0.666667     0.888889     1.555556      0.000000      
 0.000000     0.666667     1.111111     1.777778      0.000000      
 0.000000     0.888889    -1.111111    -0.222222      0.000000      
 0.000000     0.888889    -0.888889     0.000000      0.000000      
 0.000000     0.888889    -0.666667     0.222222      0.000000      
 0.000000     0.888889    -0.444444     0.444444      0.000000      
 0.000000     0.888889    -0.222222     0.666667      0.000000      
 0.000000     0.888889     0.000000     0.888889      0.000000      
 0.000000     0.888889     0.222222     1.111111      0.000000      
 0.000000     0.888889     0.444444     1.333333      0.000000      
 0.000000     0.888889     0.666667     1.555556      0.000000      
 0.000000     0.888889     0.888889     1.777778      0.000000      
 0.000000     0.888889     1.111111     2.000000      0.000000      
 0.000000     1.111111    -1.111111     0.000000      0.000000      
 0.000000     1.111111    -0.888889     0.222222      0.000000      
 0.000000     1.111111    -0.666667     0.444444      0.000000      
 0.000000     1.111111    -0.444444     0.666667      0.000000      
 0.000000     1.111111    -0.222222     0.888889      0.000000      
 0.000000     1.111111     0.000000     1.111111      0.000000      
 0.000000     1.111111     0.222222     1.333333      0.000000      
 0.000000     1.111111     0.444444     1.555556      0.000000      
 0.000000     1.111111     0.666667     1.777778      0.000000      
 0.000000     1.111111     0.888889     2.000000      0.000000      
 0.000000     1.111111     1.111111     2.222222      0.000000      
 0.222222    -1.111111    -1.111111    -2.000000      0.000000      
 0.222222    -1.111111    -0.888889    -1.777778      0.000000      
 0.222222    -1.111111    -0.666667    -1.555556      0.000000      
 0.222222    -1.111111    -0.444444    -1.333333      0.000000      
 0.222222    -1.111111    -0.222222    -1.111111      0.000000      
 0.222222    -1.111111     0.000000    -0.888889      0.000000      
 0.222222    -1.111111     0.222222    -0.666667      0.000000      
 0.222222    -1.111111     0.444444    -0.444445      0.000000      
 0.222222    -1.111111     0.666667    -0.222222      0.000000      
 0.222222    -1.111111     0.888889    -0.000000      0.000000      
 0.222222    -1.111111     1.111111     0.222222      0.000000      
 0.222222    -0.888889    -1.111111    -1.777778      0.000000      
 0.222222    -0.888889    -0.888889    -1.555556      0.000000      
 0.222222    -0.888889    -0.666667    -1.333333      0.000000      
 0.222222    -0.888889    -0.444444    -1.111111      0.000000      
 0.222222    -0.888889    -0.222222    -0.888889      0.000000      
 0.222222    -0.888889     0.000000    -0.666667      0.000000      
 0.222222    -0.888889     0.222222    -0.444444      0.000000      
 0.222222    -0.888889     0.444444    -0.222222      0.000000      
 0.222222    -0.888889     0.666667     0.000000      0.000000      
 0.222222    -0.888889     0.888889     0.222222      0.000000      
 0.222222    -0.888889     1.111111     0.444444      0.000000      
 0.222222    -0.666667    -1.111111    -1.555556      0.000000      
 0.222222    -0.666667    -0.888889    -1.333333      0.000000      
 0.222222    -0.666667    -0.666667    -1.111111      0.000000      
 0.222222    -0.666667    -0.444444    -0.888889      0.000000      
 0.222222    -0.666667    -0.222222    -0.666667      0.000000      
 0.222222    -0.666667     0.000000    -0.444444      0.000000      
 0.222222    -0.666667     0.222222    -0.222222      0.000000      
 0.222222    -0.666667     0.444444    -0.000000      0.000000      
 0.222222    -0.666667     0.666667     0.222222      0.000000      
 0.222222    -0.666667     0.888889     0.444444      0.000000      
 0.222222    -0.666667     1.111111     0.666667      0.000000      
 0.222222    -0.444444    -1.111111    -1.333333      0.000000      
 0.222222    -0.444444    -0.888889    -1.111111      0.000000      
 0.222222    -0.444444    -0.666667    -0.888889      0.000000      
 0.222222    -0.444444    -0.444444    -0.666667      0.000000      
 0.222222    -0.444444    -0.222222    -0.444444      0.000000      
 0.222222    -0.444444     0.000000    -0.222222      0.000000      
 0.222222    -0.444444     0.222222     0.000000      0.000000      
 0.222222    -0.444444     0.444444     0.222222      0.000000      
 0.222222    -0.444444     0.666667     0.444444      0.000000      
 0.222222    -0.444444     0.888889     0.666667      0.000000      
 0.222222    -0.444444     1.111111     0.888889      0.000000      
 0.222222    -0.222222    -1.111111    -1.111111      0.000000      
 0.222222    -0.222222    -0.888889    -0.888889      0.000000      
 0.222222    -0.222222    -0.666667    -0.666667      0.000000      
 0.222222    -0.222222    -0.444444    -0.444444      0.000000      
 0.222222    -0.222222    -0.222222    -0.222222      0.000000      
 0.222222    -0.222222     0.000000     0.000000      0.000000      
 0.222222    -0.222222     0.222222     0.222222      0.000000      
 0.222222    -0.222222     0.444444     0.444444      0.000000      
 0.222222    -0.222222     0.666667     0.666667      0.000000      
 0.222222    -0.222222     0.888889     0.888889      0.000000      
 0.222222    -0.222222     1.111111     1.111111      0.000000      
 0.222222     0.000000    -1.111111    -0.888889      0.000000      
 0.222222     0.000000    -0.888889    -0.666667      0.000000      
 0.222222     0.000000    -0.666667    -0.444444      0.000000      
 0.222222     0.000000    -0.444444    -0.222222      0.000000      
 0.222222     0.000000    -0.222222     0.000000      0.000000      
 0.222222     0.000000     0.000000     0.222222      0.000000      
 0.222222     0.000000     0.222222     0.444444      0.000000      
 0.222222     0.000000     0.444444     0.666667      0.000000      
 0.222222     0.000000     0.666667     0.888889      0.000000      
 0.222222     0.000000     0.888889     1.111111      0.000000      
 0.222222     0.000000     1.111111     1.333333      0.000000      
 0.222222     0.222222    -1.111111    -0.666667      0.000000      
 0.222222     0.222222    -0.888889    -0.444444      0.000000      
 0.222222     0.222222    -0.666667    -0.222222      0.000000      
 0.222222     0.222222    -0.444444     0.000000      0.000000      
 0.222222     0.222222    -0.222222     0.222222      0.000000      
 0.222222     0.222222     0.000000     0.444444      0.000000      
 0.222222     0.222222     0.222222     0.666667      0.000000      
 0.222222     0.222222     0.444444     0.888889      0.000000      
 0.222222     0.222222     0.666667     1.111111      0.000000      
 0.222222     0.222222     0.888889     1.333333      0.000000      
 0.222222     0.222222     1.111111     1.555556      0.000000      
 0.222222     0.444444    -1.111111    -0.444444      0.000000      
 0.222222     0.444444    -0.888889    -0.222222      0.000000      
 0.222222     0.444444    -0.666667     0.000000      0.000000      
 0.222222     0.444444    -0.444444     0.222222      0.000000      
 0.222222     0.444444    -0.222222     0.444444      0.000000      
 0.222222     0.444444     0.000000     0.666667      0.000000      
 0.222222     0.444444     0.222222     0.888889      0.000000      
 0.222222     0.444444     0.444444     1.111111      0.000000      
 0.222222     0.444444     0.666667     1.333333      0.000000      
 0.222222     0.444444     0.888889     1.555556      0.000000      
 0.222222     0.444444     1.111111     1.777778      0.000000      
 0.222222     0.666667    -1.111111    -0.222222      0.000000      
 0.222222     0.666667    -0.888889     0.000000      0.000000      
 0.222222     0.666667    -0.666667     0.222222      0.000000      
 0.222222     0.666667    -0.444444     0.444444      0.000000      
 0.222222     0.666667    -0.222222     0.666667      0.000000      
 0.222222     0.666667     0.000000     0.888889      0.000000      
 0.222222     0.666667     0.222222     1.111111      0.000000      
 0.222222     0.666667     0.444444     1.333333      0.000000      
 0.222222     0.666667     0.666667     1.555556      0.000000      
 0.222222     0.666667     0.888889     1.777778      0.000000      
 0.222222     0.666667     1.111111     2.000000      0.000000      
 0.222222     0.888889    -1.111111     0.000000      0.000000      
 0.222222     0.888889    -0.888889     0.222222      0.000000      
 0.222222     0.888889    -0.666667     0.444444      0.000000      
 0.222222     0.888889    -0.444444     0.666667      0.000000      
 0.222222     0.888889    -0.222222     0.888889      0.000000      
 0.222222     0.888889     0.000000     1.111111      0.000000      
 0.222222     0.888889     0.222222     1.333333      0.000000      
 0.222222     0.888889     0.444444     1.555556      0.000000      
 0.222222     0.888889     0.666667     1.777778      0.000000      
 0.222222     0.888889     0.888889     2.000000      0.000000      
 0.222222     0.888889     1.111111     2.222222      0.000000      
 0.222222     1.111111    -1.111111     0.222222      0.000000      
 0.222222     1.111111    -0.888889     0.444444      0.000000      
 0.222222     1.111111    -0.666667     0.666667      0.000000      
 0.222222     1.111111    -0.444444     0.888889      0.000000      
 0.222222     1.111111    -0.222222     1.111111      0.000000      
 0.222222     1.111111     0.000000     1.333333      0.000000      
 0.222222     1.111111     0.222222     1.555556      0.000000      
 0.222222     1.111111     0.444444     1.777778      0.000000      
 0.222222     1.111111     0.666667     2.000000      0.000000      
 0.222222     1.111111     0.888889     2.222222      0.000000      
 0.222222     1.111111     1.111111     2.444445      0.000000      
 0.444444    -1.111111    -1.111111    -1.777778      0.000000      
 0.444444    -1.111111    -0.888889    -1.555556      0.000000      
 0.444444    -1.111111    -0.666667    -1.333333      0.000000      
 0.444444    -1.111111    -0.444444    -1.111111      0.000000      
 0.444444    -1.111111    -0.222222    -0.888889      0.000000      
 0.444444    -1.111111     0.000000    -0.666667      0.000000      
 0.444444    -1.111111     0.222222    -0.444445      0.000000      
 0.444444    -1.111111     0.444444    -0.222222      0.000000      
 0.444444    -1.111111     0.666667    -0.000000      0.000000      
 0.444444    -1.111111     0.888889     0.222222      0.000000      
 0.444444    -1.111111     1.111111     0.444444      0.000000      
 0.444444    -0.888889    -1.111111    -1.555556      0.000000      
 0.444444    -0.888889    -0.888889    -1.333333      0.000000      
 0.444444    -0.888889    -0.666667    -1.111111      0.000000      
 0.444444    -0.888889    -0.444444    -0.888889      0.000000      
 0.444444    -0.888889    -0.222222    -0.666667      0.000000      
 0.444444    -0.888889     0.000000    -0.444444      0.000000      
 0.444444    -0.888889     0.222222    -0.222222      0.000000      
 0.444444    -0.888889     0.444444     0.000000      0.000000      
 0.444444    -0.888889     0.666667     0.222222      0.000000      
 0.444444    -0.888889     0.888889     0.444444      0.000000      
 0.444444    -0.888889     1.111111     0.666667      0.000000      
 0.444444    -0.666667    -1.111111    -1.333333      0.000000      
 0.444444    -0.666667    -0.888889    -1.111111      0.000000      
 0.444444    -0.666667    -0.666667    -0.888889      0.000000      
 0.444444    -0.666667    -0.444444    -0.666667      0.000000      
 0.444444    -0.666667    -0.222222    -0.444444      0.000000      
 0.444444    -0.666667     0.000000    -0.222222      0.000000      
 0.444444    -0.666667     0.222222    -0.000000      0.000000      
 0.444444    -0.666667     0.444444     0.222222      0.000000      
 0.444444    -0.666667     0.666667     0.444444      0.000000      
 0.444444    -0.666667     0.888889     0.666667      0.000000      
 0.444444    -0.666667     1.111111     0.888889      0.000000      
 0.444444    -0.444444    -1.111111    -1.111111      0.000000      
 0.444444    -0.444444    -0.888889    -0.888889      0.000000      
 0.444444    -0.444444    -0.666667    -0.666667      0.000000      
 0.444444    -0.444444    -0.444444    -0.444444      0.000000      
 0.444444    -0.444444    -0.222222    -0.222222      0.000000      
 0.444444    -0.444444     0.000000     0.000000      0.000000      
 0.444444    -0.444444     0.222222     0.222222      0.000000      
 0.444444    -0.444444     0.444444     0.444444      0.000000      
 0.444444    -0.444444     0.666667     0.666667      0.000000      
 0.444444    -0.444444     0.888889     0.888889      0.000000      
 0.444444    -0.444444     1.111111     1.111111      0.000000      
 0.444444    -0.222222    -1.111111    -0.888889      0.000000      
 0.444444    -0.222222    -0.888889    -0.666667      0.000000      
 0.444444    -0.222222    -0.666667    -0.444444      0.000000      
 0.444444    -0.222222    -0.444444    -0.222222      0.000000      
 0.444444    -0.222222    -0.222222     0.000000      0.000000      
 0.444444    -0.222222     0.000000     0.222222      0.000000      
 0.444444    -0.222222     0.222222     0.444444      0.000000      
 0.444444    -0.222222     0.444444     0.666667      0.000000      
 0.444444    -0.222222     0.666667     0.888889      0.000000      
 0.444444    -0.222222     0.888889     1.111111      0.000000      
 0.444444    -0.222222     1.111111     1.333333      0.000000      
 0.444444     0.000000    -1.111111    -0.666667      0.000000      
 0.444444     0.000000    -0.888889    -0.444444      0.000000      
 0.444444     0.000000    -0.666667    -0.222222      0.000000      
 0.444444     0.000000    -0.444444     0.000000      0.000000      
 0.444444     0.000000    -0.222222     0.222222      0.000000      
 0.444444     0.000000     0.000000     0.444444      0.000000      
 0.444444     0.000000     0.222222     0.666667      0.000000      
 0.444444     0.000000     0.444444     0.888889      0.000000      
 0.444444     0.000000     0.666667     1.111111      0.000000      
 0.444444     0.000000     0.888889     1.333333      0.000000      
 0.444444     0.000000     1.111111     1.555556      0.000000      
 0.444444     0.222222    -1.111111    -0.444444      0.000000      
 0.444444     0.222222    -0.888889    -0.222222      0.000000      
 0.444444     0.222222    -0.666667     0.000000      0.000000      
 0.444444     0.222222    -0.444444     0.222222      0.000000      
 0.444444     0.222222    -0.222222     0.444444      0.000000      
 0.444444     0.222222     0.000000     0.666667      0.000000      
 0.444444     0.222222     0.222222     0.888889      0.000000      
 0.444444     0.222222     0.444444     1.111111      0.000000      
 0.444444     0.222222     0.666667     1.333333      0.000000      
 0.444444     0.222222     0.888889     1.555556      0.000000      
 0.444444     0.222222     1.111111     1.777778      0.000000      
 0.444444     0.444444    -1.111111    -0.222222      0.000000      
 0.444444     0.444444    -0.888889     0.000000      0.000000      
 0.444444     0.444444    -0.666667     0.222222      0.000000      
 0.444444     0.444444    -0.444444     0.444444      0.000000      
 0.444444     0.444444    -0.222222     0.666667      0.000000      
 0.444444     0.444444     0.000000     0.888889      0.000000      
 0.444444     0.444444     0.222222     1.111111      0.000000      
 0.444444     0.444444     0.444444     1.333333      0.000000      
 0.444444     0.444444     0.666667     1.555556      0.000000      
 0.444444     0.444444     0.888889     1.777778      0.000000      
 0.444444     0.444444     1.111111     2.000000      0.000000      
 0.444444     0.666667    -1.111111     0.000000      0.000000      
 0.444444     0.666667    -0.888889     0.222222      0.000000      
 0.444444     0.666667    -0.666667     0.444444      0.000000      
 0.444444     0.666667    -0.444444     0.666667      0.000000      
 0.444444     0.666667    -0.222222     0.888889      0.000000      
 0.444444     0.666667     0.000000     1.111111      0.000000      
 0.444444     0.666667     0.222222     1.333333      0.000000      
 0.444444     0.666667     0.444444     1.555556      0.000000      
 0.444444     0.666667     0.666667     1.777778      0.000000      
 0.444444     0.666667     0.888889     2.000000      0.000000      
 0.444444     0.666667     1.111111     2.222222      0.000000      
 0.444444     0.888889    -1.111111     0.222222      0.000000      
 0.444444     0.888889    -0.888889     0.444444      0.000000      
 0.444444     0.888889    -0.666667     0.666667      0.000000      
 0.444444     0.888889    -0.444444     0.888889      0.000000      
 0.444444     0.888889    -0.222222     1.111111      0.000000      
 0.444444     0.888889     0.000000     1.333333      0.000000      
 0.444444     0.888889     0.222222     1.555556      0.000000      
 0.444444     0.888889     0.444444     1.777778      0.000000      
 0.444444     0.888889     0.666667     2.000000      0.000000      
 0.444444     0.888889     0.888889     2.222222      0.000000      
 0.444444     0.888889     1.111111     2.444445      0.000000      
 0.444444     1.111111    -1.111111     0.444444      0.000000      
 0.444444     1.111111    -0.888889     0.666667      0.000000      
 0.444444     1.111111    -0.666667     0.888889      0.000000      
 0.444444     1.111111    -0.444444     1.111111      0.000000      
 0.444444     1.111111    -0.222222     1.333333      0.000000      
 0.444444     1.111111     0.000000     1.555556      0.000000      
 0.444444     1.111111     0.222222     1.777778      0.000000      
 0.444444     1.111111     0.444444     2.000000      0.000000      
 0.444444     1.111111     0.666667     2.222222      0.000000      
 0.444444     1.111111     0.888889     2.444444      0.000000      
 0.444444     1.111111     1.111111     2.666667      0.000000      
 0.666667    -1.111111    -1.111111    -1.555556      0.000000      
 0.666667    -1.111111    -0.888889    -1.333333      0.000000      
 0.666667    -1.111111    -0.666667    -1.111111      0.000000      
 0.666667    -1.111111    -0.444444    -0.888889      0.000000      
 0.666667    -1.111111    -0.222222    -0.666667      0.000000      
 0.666667    -1.111111     0.000000    -0.444444      0.000000      
 0.666667    -1.111111     0.222222    -0.222222      0.000000      
 0.666667    -1.111111     0.444444    -0.000000      0.000000      
 0.666667    -1.111111     0.666667     0.222222      0.000000      
 0.666667    -1.111111     0.888889     0.444444      0.000000      
 0.666667    -1.111111     1.111111     0.666667      0.000000      
 0.666667    -0.888889    -1.111111    -1.333333      0.000000      
 0.666667    -0.888889    -0.888889    -1.111111      0.000000      
 0.666667    -0.888889    -0.666667    -0.888889      0.000000      
 0.666667    -0.888889    -0.444444    -0.666667      0.000000      
 0.666667    -0.888889    -0.222222    -0.444444      0.000000      
 0.666667    -0.888889     0.000000    -0.222222      0.000000      
 0.666667    -0.888889     0.222222     0.000000      0.000000      
 0.666667    -0.888889     0.444444     0.222222      0.000000      
 0.666667    -0.888889     0.666667     0.444444      0.000000      
 0.666667    -0.888889     0.888889     0.666667      0.000000      
 0.666667    -0.888889     1.111111     0.888889      0.000000      
 0.666667    -0.666667    -1.111111    -1.111111      0.000000      
 0.666667    -0.666667    -0.888889    -0.888889      0.000000      
 0.666667    -0.666667    -0.666667    -0.666667      0.000000      
 0.666667    -0.666667    -0.444444    -0.444444      0.000000      
 0.666667    -0.666667    -0.222222    -0.222222      0.000000      
 0.666667    -0.666667     0.000000     0.000000      0.000000      
 0.666667    -0.666667     0.222222     0.222222      0.000000      
 0.666667    -0.666667     0.444444     0.444444      0.000000      
 0.666667    -0.666667     0.666667     0.666667      0.000000      
 0.666667    -0.666667     0.888889     0.888889      0.000000      
 0.666667    -0.666667     1.111111     1.111111      0.000000      
 0.666667    -0.444444    -1.111111    -0.888889      0.000000      
 0.666667    -0.444444    -0.888889    -0.666667      0.000000      
 0.666667    -0.444444    -0.666667    -0.444444      0.000000      
 0.666667    -0.444444    -0.444444    -0.222222      0.000000      
 0.666667    -0.444444    -0.222222     0.000000      0.000000      
 0.666667    -0.444444     0.000000     0.222222      0.000000      
 0.666667    -0.444444     0.222222     0.444444      0.000000      
 0.666667    -0.444444     0.444444     0.666667      0.000000      
 0.666667    -0.444444     0.666667     0.888889      0.000000      
 0.666667    -0.444444     0.888889     1.111111      0.000000      
 0.666667    -0.444444     1.111111     1.333333      0.000000      
 0.666667    -0.222222    -1.111111    -0.666667      0.000000      
 0.666667    -0.222222    -0.888889    -0.444444      0.000000      
 0.666667    -0.222222    -0.666667    -0.222222      0.000000      
 0.666667    -0.222222    -0.444444     0.000000      0.000000      
 0.666667    -0.222222    -0.222222     0.222222      0.000000      
 0.666667    -0.222222     0.000000     0.444444      0.000000      
 0.666667    -0.222222     0.222222     0.666667      0.000000      
 0.666667    -0.222222     0.444444     0.888889      0.000000      
 0.666667    -0.222222     0.666667     1.111111      0.000000      
 0.666667    -0.222222     0.888889     1.333333      0.000000      
 0.666667    -0.222222     1.111111     1.555556      0.000000      
 0.666667     0.000000    -1.111111    -0.444444      0.000000      
 0.666667     0.000000    -0.888889    -0.222222      0.000000      
 0.666667     0.000000    -0.666667     0.000000      0.000000      
 0.666667     0.000000    -0.444444     0.222222      0.000000      
 0.666667     0.000000    -0.222222     0.444444      0.000000      
 0.666667     0.000000     0.000000     0.666667      0.000000      
 0.666667     0.000000     0.222222     0.888889      0.000000      
 0.666667     0.000000     0.444444     1.111111      0.000000      
 0.666667     0.000000     0.666667     1.333333      0.000000      
 0.666667     0.000000     0.888889     1.555556      0.000000      
 0.666667     0.000000     1.111111     1.777778      0.000000      
 0.666667     0.222222    -1.111111    -0.222222      0.000000      
 0.666667     0.222222    -0.888889     0.000000      0.000000      
 0.666667     0.222222    -0.666667     0.222222      0.000000      
 0.666667     0.222222    -0.444444     0.444444      0.000000      
 0.666667     0.222222    -0.222222     0.666667      0.000000      
 0.666667     0.222222     0.000000     0.888889      0.000000      
 0.666667     0.222222     0.222222     1.111111      0.000000      
 0.666667     0.222222     0.444444     1.333333      0.000000      
 0.666667     0.222222     0.666667     1.555556      0.000000      
 0.666667     0.222222     0.888889     1.777778      0.000000      
 0.666667     0.222222     1.111111     2.000000      0.000000      
 0.666667     0.444444    -1.111111     0.000000      0.000000      
 0.666667     0.444444    -0.888889     0.222222      0.000000      
 0.666667     0.444444    -0.666667     0.444444      0.000000      
 0.666667     0.444444    -0.444444     0.666667      0.000000      
 0.666667     0.444444    -0.222222     0.888889      0.000000      
 0.666667     0.444444     0.000000     1.111111      0.000000      
 0.666667     0.444444     0.222222     1.333333      0.000000      
 0.666667     0.444444     0.444444     1.555556      0.000000      
 0.666667     0.444444     0.666667     1.777778      0.000000      
 0.666667     0.444444     0.888889     2.000000      0.000000      
 0.666667     0.444444     1.111111     2.222222      0.000000      
 0.666667     0.666667    -1.111111     0.222222      0.000000      
 0.666667     0.666667    -0.888889     0.444444      0.000000      
 0.666667     0.666667    -0.666667     0.666667      0.000000      
 0.666667     0.666667    -0.444444     0.888889      0.000000      
 0.666667     0.666667    -0.222222     1.111111      0.000000      
 0.666667     0.666667     0.000000     1.333333      0.000000      
 0.666667     0.666667     0.222222     1.555556      0.000000      
 0.666667     0.666667     0.444444     1.777778      0.000000      
 0.666667     0.666667     0.666667     2.000000      0.000000      
 0.666667     0.666667     0.888889     2.222222      0.000000      
 0.666667     0.666667     1.111111     2.444445      0.000000      
 0.666667     0.888889    -1.111111     0.444444      0.000000      
 0.666667     0.888889    -0.888889     0.666667      0.000000      
 0.666667     0.888889    -0.666667     0.888889      0.000000      
 0.666667     0.888889    -0.444444     1.111111      0.000000      
 0.666667     0.888889    -0.222222     1.333333      0.000000      
 0.666667     0.888889     0.000000     1.555556      0.000000      
 0.666667     0.888889     0.222222     1.777778      0.000000      
 0.666667     0.888889     0.444444     2.000000      0.000000      
 0.666667     0.888889     0.666667     2.222222      0.000000      
 0.666667     0.888889     0.888889     2.444444      0.000000      
 0.666667     0.888889     1.111111     2.666667      0.000000      
 0.666667     1.111111    -1.111111     0.666667      0.000000      
 0.666667     1.111111    -0.888889     0.888889      0.000000      
 0.666667     1.111111    -0.666667     1.111111      0.000000      
 0.666667     1.111111    -0.444444     1.333333      0.000000      
 0.666667     1.111111    -0.222222     1.555556      0.000000      
 0.666667     1.111111     0.000000     1.777778      0.000000      
 0.666667     1.111111     0.222222     2.000000      0.000000      
 0.666667     1.111111     0.444444     2.222222      0.000000      
 0.666667     1.111111     0.666667     2.444445      0.000000      
 0.666667     1.111111     0.888889     2.666667      0.000000      
 0.666667     1.111111     1.111111     2.888889      0.000000      
 0.888889    -1.111111    -1.111111    -1.333333      0.000000      
 0.888889    -1.111111    -0.888889    -1.111111      0.000000      
 0.888889    -1.111111    -0.666667    -0.888889      0.000000      
 0.888889    -1.111111    -0.444444    -0.666667      0.000000      
 0.888889    -1.111111    -0.222222    -0.444444      0.000000      
 0.888889    -1.111111     0.000000    -0.222222      0.000000      
 0.888889    -1.111111     0.222222    -0.000000      0.000000      
 0.888889    -1.111111     0.444444     0.222222      0.000000      
 0.888889    -1.111111     0.666667     0.444444      0.000000      
 0.888889    -1.111111     0.888889     0.666667      0.000000      
 0.888889    -1.111111     1.111111     0.888889      0.000000      
 0.888889    -0.888889    -1.111111    -1.111111      0.000000      
 0.888889    -0.888889    -0.888889    -0.888889      0.000000      
 0.888889    -0.888889    -0.666667    -0.666667      0.000000      
 0.888889    -0.888889    -0.444444    -0.444444      0.000000      
 0.888889    -0.888889    -0.222222    -0.222222      0.000000      
 0.888889    -0.888889     0.000000     0.000000      0.000000      
 0.888889    -0.888889     0.222222     0.222222      0.000000      
 0.888889    -0.888889     0.444444     0.444444      0.000000      
 0.888889    -0.888889     0.666667     0.666667      0.000000      
 0.888889    -0.888889     0.888889     0.888889      0.000000      
 0.888889    -0.888889     1.111111     1.111111      0.000000      
 0.888889    -0.666667    -1.111111    -0.888889      0.000000      
 0.888889    -0.666667    -0.888889    -0.666667      0.000000      
 0.888889    -0.666667    -0.666667    -0.444444      0.000000      
 0.888889    -0.666667    -0.444444    -0.222222      0.000000      
 0.888889    -0.666667    -0.222222    -0.000000      0.000000      
 0.888889    -0.666667     0.000000     0.222222      0.000000      
 0.888889    -0.666667     0.222222     0.444444      0.000000      
 0.888889    -0.666667     0.444444     0.666667      0.000000      
 0.888889    -0.666667     0.666667     0.888889      0.000000      
 0.888889    -0.666667     0.888889     1.111111      0.000000      
 0.888889    -0.666667     1.111111     1.333333      0.000000      
 0.888889    -0.444444    -1.111111    -0.666667      0.000000      
 0.888889    -0.444444    -0.888889    -0.444444      0.000000      
 0.888889    -0.444444    -0.666667    -0.222222      0.000000      
 0.888889    -0.444444    -0.444444     0.000000      0.000000      
 0.888889    -0.444444    -0.222222     0.222222      0.000000      
 0.888889    -0.444444     0.000000     0.444444      0.000000      
 0.888889    -0.444444     0.222222     0.666667      0.000000      
 0.888889    -0.444444     0.444444     0.888889      0.000000      
 0.888889    -0.444444     0.666667     1.111111      0.000000      
 0.888889    -0.444444     0.888889     1.333333      0.000000      
 0.888889    -0.444444     1.111111     1.555556      0.000000      
 0.888889    -0.222222    -1.111111    -0.444444      0.000000      
 0.888889    -0.222222    -0.888889    -0.222222      0.000000      
 0.888889    -0.222222    -0.666667     0.000000      0.000000      
 0.888889    -0.222222    -0.444444     0.222222      0.000000      
 0.888889    -0.222222    -0.222222     0.444444      0.000000      
 0.888889    -0.222222     0.000000     0.666667      0.000000      
 0.888889    -0.222222     0.222222     0.888889      0.000000      
 0.888889    -0.222222     0.444444     1.111111      0.000000      
 0.888889    -0.222222     0.666667     1.333333      0.000000      
 0.888889    -0.222222     0.888889     1.555556      0.000000      
 0.888889    -0.222222     1.111111     1.777778      0.000000      
 0.888889     0.000000    -1.111111    -0.222222      0.000000      
 0.888889     0.000000    -0.888889     0.000000      0.000000      
 0.888889     0.000000    -0.666667     0.222222      0.000000      
 0.888889     0.000000    -0.444444     0.444444      0.000000      
 0.888889     0.000000    -0.222222     0.666667      0.000000      
 0.888889     0.000000     0.000000     0.888889      0.000000      
 0.888889     0.000000     0.222222     1.111111      0.000000      
 0.888889     0.000000     0.444444     1.333333      0.000000      
 0.888889     0.000000     0.666667     1.555556      0.000000      
 0.888889     0.000000     0.888889     1.777778      0.000000      
 0.888889     0.000000     1.111111     2.000000      0.000000      
 0.888889     0.222222    -1.111111     0.000000      0.000000      
 0.888889     0.222222    -0.888889     0.222222      0.000000      
 0.888889     0.222222    -0.666667     0.444444      0.000000      
 0.888889     0.222222    -0.444444     0.666667      0.000000      
 0.888889     0.222222    -0.222222     0.888889      0.000000      
 0.888889     0.222222     0.000000     1.111111      0.000000      
 0.888889     0.222222     0.222222     1.333333      0.000000      
 0.888889     0.222222     0.444444     1.555556      0.000000      
 0.888889     0.222222     0.666667     1.777778      0.000000      
 0.888889     0.222222     0.888889     2.000000      0.000000      
 0.888889     0.222222     1.111111     2.222222      0.000000      
 0.888889     0.444444    -1.111111     0.222222      0.000000      
 0.888889     0.444444    -0.888889     0.444444      0.000000      
 0.888889     0.444444    -0.666667     0.666667      0.000000      
 0.888889     0.444444    -0.444444     0.888889      0.000000      
 0.888889     0.444444    -0.222222     1.111111      0.000000      
 0.888889     0.444444     0.000000     1.333333      0.000000      
 0.888889     0.444444     0.222222     1.555556      0.000000      
 0.888889     0.444444     0.444444     1.777778      0.000000      
 0.888889     0.444444     0.666667     2.000000      0.000000      
 0.888889     0.444444     0.888889     2.222222      0.000000      
 0.888889     0.444444     1.111111     2.444445      0.000000      
 0.888889     0.666667    -1.111111     0.444444      0.000000      
 0.888889     0.666667    -0.888889     0.666667      0.000000      
 0.888889     0.666667    -0.666667     0.888889      0.000000      
 0.888889     0.666667    -0.444444     1.111111      0.000000      
 0.888889     0.666667    -0.222222     1.333333      0.000000      
 0.888889     0.666667     0.000000     1.555556      0.000000      
 0.888889     0.666667     0.222222     1.777778      0.000000      
 0.888889     0.666667     0.444444     2.000000      0.000000      
 0.888889     0.666667     0.666667     2.222222      0.000000      
 0.888889     0.666667     0.888889     2.444444      0.000000      
 0.888889     0.666667     1.111111     2.666667      0.000000      
 0.888889     0.888889    -1.111111     0.666667      0.000000      
 0.888889     0.888889    -0.888889     0.888889      0.000000      
 0.888889     0.888889    -0.666667     1.111111      0.000000      
 0.888889     0.888889    -0.444444     1.333333      0.000000      
 0.888889     0.888889    -0.222222     1.555556      0.000000      
 0.888889     0.888889     0.000000     1.777778      0.000000      
 0.888889     0.888889     0.222222     2.000000      0.000000      
 0.888889     0.888889     0.444444     2.222222      0.000000      
 0.888889     0.888889     0.666667     2.444444      0.000000      
 0.888889     0.888889     0.888889     2.666667      0.000000      
 0.888889     0.888889     1.111111     2.888889      0.000000      
 0.888889     1.111111    -1.111111     0.888889      0.000000      
 0.888889     1.111111    -0.888889     1.111111      0.000000      
 0.888889     1.111111    -0.666667     1.333333      0.000000      
 0.888889     1.111111    -0.444444     1.555556      0.000000      
 0.888889     1.111111    -0.222222     1.777778      0.000000      
 0.888889     1.111111     0.000000     2.000000      0.000000      
 0.888889     1.111111     0.222222     2.222222      0.000000      
 0.888889     1.111111     0.444444     2.444444      0.000000      
 0.888889     1.111111     0.666667     2.666667      0.000000      
 0.888889     1.111111     0.888889     2.888889      0.000000      
 0.888889     1.111111     1.111111     3.111111      0.000000      
 1.111111    -1.111111    -1.111111    -1.111111      0.000000      
 1.111111    -1.111111    -0.888889    -0.888889      0.000000      
 1.111111    -1.111111    -0.666667    -0.666667      0.000000      
 1.111111    -1.111111    -0.444444    -0.444444      0.000000      
 1.111111    -1.111111    -0.222222    -0.222222      0.000000      
 1.111111    -1.111111     0.000000     0.000000      0.000000      
 1.111111    -1.111111     0.222222     0.222222      0.000000      
 1.111111    -1.111111     0.444444     0.444444      0.000000      
 1.111111    -1.111111     0.666667     0.666667      0.000000      
 1.111111    -1.111111     0.888889     0.888889      0.000000      
 1.111111    -1.111111     1.111111     1.111111      0.000000      
 1.111111    -0.888889    -1.111111    -0.888889      0.000000      
 1.111111    -0.888889    -0.888889    -0.666667      0.000000      
 1.111111    -0.888889    -0.666667    -0.444444      0.000000      
 1.111111    -0.888889    -0.444444    -0.222222      0.000000      
 1.111111    -0.888889    -0.222222     0.000000      0.000000      
 1.111111    -0.888889     0.000000     0.222222      0.000000      
 1.111111    -0.888889     0.222222     0.444444      0.000000      
 1.111111    -0.888889     0.444444     0.666667      0.000000      
 1.111111    -0.888889     0.666667     0.888889      0.000000      
 1.111111    -0.888889     0.888889     1.111111      0.000000      
 1.111111    -0.888889     1.111111     1.333333      0.000000      
 1.111111    -0.666667    -1.111111    -0.666667      0.000000      
 1.111111    -0.666667    -0.888889    -0.444444      0.000000      
 1.111111    -0.666667    -0.666667    -0.222222      0.000000      
 1.111111    -0.666667    -0.444444     0.000000      0.000000      
 1.111111    -0.666667    -0.222222     0.222222      0.000000      
 1.111111    -0.666667     0.000000     0.444444      0.000000      
 1.111111    -0.666667     0.222222     0.666667      0.000000      
 1.111111    -0.666667     0.444444     0.888889      0.000000      
 1.111111    -0.666667     0.666667     1.111111      0.000000      
 1.111111    -0.666667     0.888889     1.333333      0.000000      
 1.111111    -0.666667     1.111111     1.555556      0.000000      
 1.111111    -0.444444    -1.111111    -0.444444      0.000000      
 1.111111    -0.444444    -0.888889    -0.222222      0.000000      
 1.111111    -0.444444    -0.666667     0.000000      0.000000      
 1.111111    -0.444444    -0.444444     0.222222      0.000000      
 1.111111    -0.444444    -0.222222     0.444445      0.000000      
 1.111111    -0.444444     0.000000     0.666667      0.000000      
 1.111111    -0.444444     0.222222     0.888889      0.000000      
 1.111111    -0.444444     0.444444     1.111111      0.000000      
 1.111111    -0.444444     0.666667     1.333333      0.000000      
 1.111111    -0.444444     0.888889     1.555556      0.000000      
 1.111111    -0.444444     1.111111     1.777778      0.000000      
 1.111111    -0.222222    -1.111111    -0.222222      0.000000      
 1.111111    -0.222222    -0.888889     0.000000      0.000000      
 1.111111    -0.222222    -0.666667     0.222222      0.000000      
 1.111111    -0.222222    -0.444444     0.444445      0.000000      
 1.111111    -0.222222    -0.222222     0.666667      0.000000      
 1.111111    -0.222222     0.000000     0.888889      0.000000      
 1.111111    -0.222222     0.222222     1.111111      0.000000      
 1.111111    -0.222222     0.444444     1.333333      0.000000      
 1.111111    -0.222222     0.666667     1.555556      0.000000      
 1.111111    -0.222222     0.888889     1.777778      0.000000      
 1.111111    -0.222222     1.111111     2.000000      0.000000      
 1.111111     0.000000    -1.111111     0.000000      0.000000      
 1.111111     0.000000    -0.888889     0.222222      0.000000      
 1.111111     0.000000    -0.666667     0.444444      0.000000      
 1.111111     0.000000    -0.444444     0.666667      0.000000      
 1.111111     0.000000    -0.222222     0.888889      0.000000      
 1.111111     0.000000     0.000000     1.111111      0.000000      
 1.111111     0.000000     0.222222     1.333333      0.000000      
 1.111111     0.000000     0.444444     1.555556      0.000000      
 1.111111     0.000000     0.666667     1.777778      0.000000      
 1.111111     0.000000     0.888889     2.000000      0.000000      
 1.111111     0.000000     1.111111     2.222222      0.000000      
 1.111111     0.222222    -1.111111     0.222222      0.000000      
 1.111111     0.222222    -0.888889     0.444444      0.000000      
 1.111111     0.222222    -0.666667     0.666667      0.000000      
 1.111111     0.222222    -0.444444     0.888889      0.000000      
 1.111111     0.222222    -0.222222     1.111111      0.000000      
 1.111111     0.222222     0.000000     1.333333      0.000000      
 1.111111     0.222222     0.222222     1.555556      0.000000      
 1.111111     0.222222     0.444444     1.777778      0.000000      
 1.111111     0.222222     0.666667     2.000000      0.000000      
 1.111111     0.222222     0.888889     2.222222      0.000000      
 1.111111     0.222222     1.111111     2.444445      0.000000      
 1.111111     0.444444    -1.111111     0.444444      0.000000      
 1.111111     0.444444    -0.888889     0.666667      0.000000      
 1.111111     0.444444    -0.666667     0.888889      0.000000      
 1.111111     0.444444    -0.444444     1.111111      0.000000      
 1.111111     0.444444    -0.222222     1.333333      0.000000      
 1.111111     0.444444     0.000000     1.555556      0.000000      
 1.111111     0.444444     0.222222     1.777778      0.000000      
 1.111111     0.444444     0.444444     2.000000      0.000000      
 1.111111     0.444444     0.666667     2.222222      0.000000      
 1.111111     0.444444     0.888889     2.444444      0.000000      
 1.111111     0.444444     1.111111     2.666667      0.000000      
 1.111111     0.666667    -1.111111     0.666667      0.000000      
 1.111111     0.666667    -0.888889     0.888889      0.000000      
 1.111111     0.666667    -0.666667     1.111111      0.000000      
 1.111111     0.666667    -0.444444     1.333333      0.000000      
 1.111111     0.666667    -0.222222     1.555556      0.000000      
 1.111111     0.666667     0.000000     1.777778      0.000000      
 1.111111     0.666667     0.222222     2.000000      0.000000      
 1.111111     0.666667     0.444444     2.222222      0.000000      
 1.111111     0.666667     0.666667     2.444445      0.000000      
 1.111111     0.666667     0.888889     2.666667      0.000000      
 1.111111     0.666667     1.111111     2.888889      0.000000      
 1.111111     0.888889    -1.111111     0.888889      0.000000      
 1.111111     0.888889    -0.888889     1.111111      0.000000      
 1.111111     0.888889    -0.666667     1.333333      0.000000      
 1.111111     0.888889    -0.444444     1.555556      0.000000      
 1.111111     0.888889    -0.222222     1.777778      0.000000      
 1.111111     0.888889     0.000000     2.000000      0.000000      
 1.111111     0.888889     0.222222     2.222222      0.000000      
 1.111111     0.888889     0.444444     2.444444      0.000000      
 1.111111     0.888889     0.666667     2.666667      0.000000      
 1.111111     0.888889     0.888889     2.888889      0.000000      
 1.111111     0.888889     1.111111     3.111111      0.000000      
 1.111111     1.111111    -1.111111     1.111111      0.000000      
 1.111111     1.111111    -0.888889     1.333333      0.000000      
 1.111111     1.111111    -0.666667     1.555556      0.000000      
 1.111111     1.111111    -0.444444     1.777778      0.000000      
 1.111111     1.111111    -0.222222     2.000000      0.000000      
 1.111111     1.111111     0.000000     2.222222      0.000000      
 1.111111     1.111111     0.222222     2.444445      0.000000      
 1.111111     1.111111     0.444444     2.666667      0.000000      
 1.111111     1.111111     0.666667     2.888889      0.000000      
 1.111111     1.111111     0.888889     3.111111      0.000000      
 1.111111     1.111111     1.111111     3.333333      0.000000      
